1947739089345839228
1947735883412549854
1947734225311920297
1947429134713688567
1947410997896978500
1947306300053839881
1947280341536047106
1946786600601387175
1946413338470281340
1946375281603936339
1946295859538182305
1946056447428804721
1946005439788851315
1945979432079864115
1945963972487758046
1945894819609411688
1945886929267851524
1945688417104470383
1945585404159107224
1945580622430294375
1945486131807621435
1945445633671745558
1947695719164350497
1947528030450291192
1947481549521191394
1947204915211751699
1946857133774967044
1946629602505375896
1946587289590927439
1946326978006560985
1946293129340239940
1946274941181288665
1946225878754537905
1945977445095768065
1945944736709173313
1945902212800225657
1945665465235484899
1945574200258740648
1947964438537241012
1947962554564972861
1947959455448203432
1947954112261177641
1947953611775918403
1947952327979319364
1947947508539543919
1947947338497949771
1947943846505267363
1947938070646419661
1947937327155646536
1947936836669542525
1947935737451843654
1947935082070872175
1947932837451022409
1947932056358437128
1947931674513133905
1947931664161612168
1947929739945005546
1947929610458464417
1947929054008553773
1947927619561001118
1947926145263144977
1947925769386115162
1947925076244107481
1947925067943354748
1947924842419794425
1947919461748732147
1947915394083393757
1947914892767346945
1947788577708118319
1947713286411100303
1947707279823753259
1947659351998464221
1947657222051295278
1947622375660347518
1947561330187108585
1947300130534666568
1947264266576294081
1947259768717856882
1947251034747027888
1946952149314801987
1946912721678549137
1946882550535770483
1946797944671199712
1946611018890629417
1946364373465002005
1946364316594143607
1946250459947081815
1946199950523531404
1946194761255211100
1945994941835911400
1945823296412381443
1945823241441866036
1945752570145734844
1945443447269179623
1945443436338811377
1947917244622929923
1947882741921681758
1947851726264144337
1947787847953691058
1947750276632343021
1947541098798477486
1947358226640670800
1947330360561250355
1947322921640189960
1947318625959858559
1947311467394367996
1946989723458887828
1946989594421108848
1946952252171682099
1946937317123633620
1946781249651331315
1946462155521548311
1946221083860103331
1946208656288055787
1945518922184241660
1947757847070294079
1946905201996435619
1946491785271808423
1945508096027001015
1947376537235558656
1947375441129672995
1946286557331111997
1946148753880064143
1946130219137392702
1945913846461349983
1945831080264654887
